# Created by Octave 4.0.0, Sat Dec 09 06:50:30 2017 WIB <feraldo@feraldo>
# name: wA
# type: matrix
# rows: 3
# columns: 8
 0.5053662349870439 0.885345215546212 0.4692922536370887 0.7029019446686484 0.5965472102231688 0.5823220687789645 0.7246159654454392 0.4986660521242172
 0.2730580381139422 0.8688089990512831 0.02736428125731455 0.5754122195290313 0.3711735272868718 0.3362035197413931 0.5594653061266273 0.7737162317844904
 0.4028210061971343 0.5096695006038666 0.4227948651804714 0.4678066694074659 0.4367813755953525 0.454397844744978 0.484834659630769 0.1876088473029945


# name: wB
# type: matrix
# rows: 5
# columns: 3
 0.8517669456646315 0.7663011841817886 0.9089959641322231
 0.3093765331452126 -0.003518332648851256 0.003583221046728772
 1.020477260197939 0.3182911373032346 0.6803918942794928
 0.8844633445195854 0.6557445485062856 0.8489634759056951
 -0.05808957639156832 0.004079383071289387 -0.01082903636027477


# name: wC
# type: matrix
# rows: 3
# columns: 5
 0.1185937048260427 0.1373591398764214 0.04396553628933682 -0.1636327416321371 0.3297142524678616
 -0.110285587939353 0.2493182443285127 -0.03548384087250223 0.1370971851823414 0.3243738849276602
 -0.2671664348767998 -0.1525138700325924 -0.08152103249697626 0.3550759297592848 -0.1246770553553016


# name: bA
# type: matrix
# rows: 3
# columns: 1
 0.2728189939476878
 0.4352034297124812
 0.9357175404430241


# name: bB
# type: matrix
# rows: 5
# columns: 1
 0.1423093370559153
 1.475858805018079
 0.1513238057089748
 0.1413419481599374
 1.157180658017493


# name: bC
# type: matrix
# rows: 3
# columns: 1
 0.6083925346118504
 0.5140293942243619
 0.2370961430076926


