# Created by Octave 4.0.0, Sat Dec 09 05:07:44 2017 WIB <feraldo@feraldo>
# name: E
# type: matrix
# rows: 23
# columns: 8
 -0.3427906011467529 0.7642570579483667 -0.2275641434140859 0.05332673664667167 0.005321600593807708 -0.02156314004181919 0.1605621075694332 -0.1593596638416327
 -0.1645270861310124 0.7876812362056845 -0.4309035520823049 -0.07783264094134119 -0.01065203124020612 -0.06727047541714237 0.1595532799761724 -0.04428832014189745
 0.2522236726156037 -0.9700556474263189 0.3329648831206103 0.009636055259367088 0.00484699813634833 0.0223862358097062 0.4125189930074339 -0.007753194491279744
 -0.2413945419583477 0.7591210484661032 -0.279099119675706 0.0599244357262424 -0.01555554332645281 -0.1279308627920458 -6.572770118926964e-05 0.4151312016228957
 0.03060547417597171 -0.5284759585789832 0.1999362315280387 -0.1199284913810296 0.03452983156315127 0.2003615814771159 -0.01322308208904315 0.11245839713045
 0.02539345077642333 -0.1394911519878251 0.01262704340058185 0.09605260294420162 0.1337905379642478 0.0673014638776509 0.004429544157969958 0.01601285794891985
 -0.1645170995440861 -0.5997711955100602 0.3799452923658111 -0.021444860289739 0.02550385483233078 -0.1927875064602107 0.275880558491119 -0.07067228970139239
 0.04276304955345339 1.182226647626154 -0.398309590114899 0.004482742132540792 0.04677771778756231 -0.4248011853328144 0.3274648799282917 0.01125871605885601
 -0.141181147567576 1.194103704302217 -0.1320011622305786 0.05425112718286121 0.04997097000946386 0.006428197264203968 -0.1584001795198462 0.03061487585382749
 0.1776804277225048 -0.7764463855587465 0.2369155434817422 0.005278405192687012 -0.006662347782319296 0.0890495742633525 0.3996740246484187 -0.07506774498524507
 -0.1630224710923754 -0.1753740402206959 0.1167912077188807 0.09326893195336866 -0.1644448997200105 0.04583328374529412 -0.06674763501383921 0.1695227315196967
 0.4792960601895056 -0.1663740523224021 0.0473886607718129 0.04448405286605198 -0.07013101180904398 0.01056363678129423 0.1030617219749118 -0.4950108651420647
 -0.502405178636272 1.216930596993073 -0.374190650949479 -0.001698202103278909 0.01092325906950748 -0.04143462177215849 -0.02903617193218465 -0.08574435298779631
 0.02196455551322669 -0.190712792147775 0.1446208476805425 -0.1417300364471192 -0.1208879944334459 0.01506005315180798 -0.01759396160344352 -0.005407897172713703
 0.09008115926717791 -0.4787188435283732 0.19962787342028 0.1469327414337457 -0.07194438264437251 0.07374137335684808 8.293695311286167e-05 -0.02097039182837741
 0.0444451776802695 -0.2652817470986961 0.08282461982196593 -0.01088455213634583 -0.2220242006200395 0.07628791145463444 -0.0198396383737066 -0.01554002702945968
 -0.5552674290291363 3.627744742861514 -1.122942590020022 0.06612285053259001 -0.05912813770991189 0.03229023256997235 0.0002721414201014988 0.07301655318249904
 0.01033468965506833 -0.1596256253710407 0.1935373712659796 -0.1729983683355206 0.1521103573533344 0.04146522553907561 0.005419922860936361 0.001628933553626688
 -0.04135821334837073 0.3620984550101105 -0.2153728260284534 0.1379669970048534 0.1323731132375816 -0.006010137830832431 0.01133690695430252 0.01494758980587101
 -0.1648251543078107 0.8479489461327463 0.01557137720399521 -0.1454878194003779 0.1533673101187189 -0.3866673471527606 0.006127422647204856 0.02632903852531066
 0.1358986394690448 -1.045749045699356 0.9240039691123665 -0.2778104795972466 0.01726708929698458 0.153579598070012 -0.01453460818748744 -0.02584916554599834
 -0.157952513097124 1.006325109205571 -0.5591138223543245 0.03022096556298617 0.1901550367193345 -0.0280349452495274 -0.007501468117528304 0.03655411890726376
 0.1975258529605284 -1.242909887355801 0.7493829413511975 -0.0007417149111820856 0.06775287568523118 0.06154708566969985 0.01152427542280985 -0.03175762996559207


# name: Cy
# type: cell
# rows: 1
# columns: 7
# name: <cell-element>
# type: matrix
# rows: 8
# columns: 1
 0.003993740625557981
 0.01349711235265435
 0.03756318685316783
 0.06525325838816405
 0.06995135042591323
 0.1758228560095682
 0.2483878817822273
 0.4847371731581301



# name: <cell-element>
# type: matrix
# rows: 8
# columns: 1
 0.004528621863292131
 0.0103452149226335
 0.02438989787460147
 0.02519661074150179
 0.0643333008365418
 0.08721700385896512
 0.1003665639221642
 0.230417637439405



# name: <cell-element>
# type: matrix
# rows: 8
# columns: 1
 0.001911411292467139
 0.00289360454378564
 0.003379999699572023
 0.004617301190998839
 0.008260392743707989
 0.008879948392808645
 0.01308968344728633
 0.0460500871373008



# name: <cell-element>
# type: matrix
# rows: 8
# columns: 1
 0.0004929989673846143
 0.0005819283475397914
 0.0008003612771998937
 0.00151292864250327
 0.003428766441800818
 0.004175746574456366
 0.01046857398568695
 0.02347664048548579



# name: <cell-element>
# type: matrix
# rows: 8
# columns: 1
 0.000549568752611556
 0.0007322941124918611
 0.0009131387016619078
 0.001143060968016823
 0.00233918257378656
 0.002760925197122571
 0.01157069591020324
 0.0658755811283209



# name: <cell-element>
# type: matrix
# rows: 8
# columns: 1
 0.0003842820982070898
 0.0004463537093089073
 0.0004748001452008459
 0.0006192242761681313
 0.001017642952042442
 0.002079895301048314
 0.006769846238313453
 0.02589015871930177



# name: <cell-element>
# type: matrix
# rows: 8
# columns: 1
 0.0004144448428083209
 0.0004649983880438911
 0.0005085999228676338
 0.0006758724153555107
 0.001516495799004902
 0.001631138026486407
 0.003898612817487939
 0.006994368651419287





